TIME:418.7089364528656s
GPU_MAX:73.115234375MB
